000470
000898
000504
000082
000239
001085
001088
000476
001011
000004
000323
000466
000636
000200
001074
000599
000152
000485
000541
000958
001109
001067
000081
000099
000964
001124
000450
000831
001152
000883
000334
000347
000417
000292
000717
000531
000543
000095
000120
000291
000374
001113
000814
000696
000062
000545
001034
000153
000925
000568
000285
001037
001056
000113
000931
000284
000299
001075
001051
000987
000940
001114
000096
000517
000322
000980
001001
000542
000699
001077
000721
000055
000370
000390
000970
000157
001108
000237
000837
001094
000069
000310
001073
001118
000841
000218
000449
001076
000830
000281
000024
000605
000863
000083
000254
000775
000407
000842
000332
000738
000562
000560
001072
000060
000942
000100
000684
000510
000902
001012
000600
000345
001027
000877
000044
000572
000901
000090
000070
000118
000835
000300
000978
000943
000174
000694
000437
000856
000005
001049
000213
000860
001123
000506
000680
000674
000934
000916
000452
000840
000056
001022
000421
000369
000536
000613
000392
000959
000697
001102
000372
000886
000634
000072
000009
000367
000685
000911
000850
000861
001091
000637
000189
000587
000091
000424
000993
000344
000330
000425
001131
000151
000756
000628
000208
001132
001070
000408
000434
000695
000468
000611
000164
001101
000687
000436
001086
000530
000010
000170
001023
000951
001004
000122
000362
000991
000207
000539
001100
000348
001009
000230
000057
001015
000379
000256
000020
000185
000782
000864
000538
000084
000112
000085
000948
000368
000826
001048
000583
000011
000216
000719
000279
000868
000853
000920
000307
000602
000231
001138
000162
000386
000573
000116
000487
000917
000816
000445
000528
000079
001063
000066
000752
001052
000217
000963
001030
001039
000168
000580
000442
000169
000947
000655
000871
000885
000749
000298
000795
000961
000142
000350
000048
001151
000805
000007
000922
001017
000803
000375
000986
000356
000765
001058
000134
001097
000933
000404
000678
000363
000288
000774
000165
000482
000461
001003
000879
000016
000359
000711
000535
000570
000973
000960
000969
000051
000198
000197
000463
000426
000846
001068
001002
000748
000564
000601
000576
000552
000897
000994
000054
001044
000650
000776
000420
000639
000823
000872
000847
000023
000186
000804
000596
000276
000817
000229
000343
001099
000462
000503
000266
001038
000845
000127
000895
000469
000912
000661
000366
000109
000624
000935
000702
000481
000982
000707
000799
001078
000447
000526
000640
000498
000499
000706
000892
000192
000651
000670
000617
000382
000653
001032
000293
000268
000972
000114
000148
000989
000548
000554
001159
000595
000642
001150
000393
001093
000195
000094
000274
000753
000930
000150
000612
000446
001043
000097
000919
000556
001157
000013
000584
000306
000625
000976
000480
000851
001042
000785
001148
000181
000990
001142
000716
000172
000518
000199
000448
000710
000744
000732
000737
000727
000341
001057
000508
000750
000622
001025
000303
000428
000017
000337
000430
000224
000813
000818
000209
000673
000156
001119
000388
000073
000438
000304
000787
000117
000900
000071
000326
000559
001029
000836
001136
000962
000665
001059
000078
001080
000821
000311
000014
000296
000866
000965
000460
000647
001133
000614
000385
000180
000187
001041
001016
000532
000812
000496
000591
001122
000228
000040
000464
000002
001082
000509
000718
000360
000435
000270
000884
000160
000663
000855
000314
000730
000196
000214
000966
000431
000063
000873
001098
000918
000173
000135
000429
000111
000882
000154
000205
000413
000571
000757
001145
000140
000201
000042
000794
000698
000067
000834
000984
000893
001083
000439
000131
000145
000419
001121
000474
000514
000319
000238
000064
000946
000377
000108
000985
000275
000402
000175
000240
000215
001079
000722
000130
000513
001095
001024
000704
000537
000331
000478
000329
000771
000944
001053
000967
000104
000427
001140
000121
000977
000210
000225
000061
000346
000441
000819
000728
000746
000301
000107
000451
000280
000287
000467
000126
000563
000166
000724
000380
000565
000997
000656
000219
001069
000235
000316
000950
000525
000566
000808
000630
000204
000849
000615
000032
000761
000700
001000
000222
001143
000714
000778
000643
000712
000176
000410
000236
001031
000263
000592
001155
000488
000641
000914
000242
000259
000691
000979
000295
000105
000740
000953
000378
000234
000664
000607
000512
000870
000888
000971
000555
000675
000519
001021
000766
000903
000043
000666
000163
000838
000459
001071
000194
000492
000844
000289
000221
000027
000265
000549
000340
000769
000709
000475
000652
000246
000255
000938
000335
000465
000184
000046
000305
001090
001120
000731
000956
000077
000681
000286
000658
000582
000119
001116
000244
000320
000283
001134
000874
000635
000076
000736
000138
000802
000243
001156
000053
000906
000397
000327
000395
001089
000047
000358
000133
000546
000527
000182
000734
000852
001139
000456
000645
000905
000050
001062
000936
001158
000822
000365
000115
000406
000354
000432
001014
000015
000383
000631
000923
000529
001096
000159
000686
000955
000093
001110
000141
000547
000758
000034
000412
000147
000389
000620
000608
000137
000483
000282
