0 0.835938 0.435849 0.0117188 0.0566038
0 0.618164 0.362264 0.00976562 0.0226415
0 0.689453 0.654717 0.0078125 0.0188679
0 0.59082 0.177358 0.00976562 0.0226415
0 0.634766 0.558491 0.0117188 0.0226415
0 0.431641 0.154717 0.0117188 0.0301887
0 0.589844 0.275472 0.0117188 0.0226415
0 0.636719 0.683019 0.0117188 0.0150943
0 0.46875 0.115094 0.0117188 0.0339623
0 0.598633 0.441509 0.00976562 0.0226415
0 0.5625 0.209434 0.0117188 0.0264151
0 0.47168 0.411321 0.0175781 0.0301887
0 0.542969 0.149057 0.0117188 0.0264151
0 0.594727 0.115094 0.00976562 0.0188679
0 0.415039 0.260377 0.0136719 0.0301887
0 0.651367 0.192453 0.0136719 0.0226415
0 0.366211 0.533962 0.0214844 0.0264151
0 0.258789 0.556604 0.0214844 0.0264151
0 0.542969 0.554717 0.0195312 0.0301887
0 0.310547 0.683019 0.0195312 0.0226415
0 0.631836 0.269811 0.0136719 0.0264151
0 0.270508 0.466038 0.0214844 0.0188679
0 0.452148 0.556604 0.0175781 0.0264151
0 0.476562 0.875472 0.0234375 0.0301887
0 0.347656 0.777358 0.0234375 0.0226415
0 0.405273 0.396226 0.0175781 0.0301887
0 0.326172 0.0377358 0.0273438 0.045283
0 0.518555 0.337736 0.0214844 0.0415094
0 0.496094 0.233962 0.015625 0.0377358
