0 0.443992 0.869159 0.01222 0.0124611
0 0.576375 0.275701 0.00814664 0.0155763
0 0.502037 0.0342679 0.0101833 0.0186916
0 0.522403 0.300623 0.0142566 0.0155763
0 0.529532 0.5919 0.01222 0.0186916
0 0.431772 0.785047 0.01222 0.0186916
0 0.730143 0.0965732 0.0142566 0.0498442
0 0.48167 0.101246 0.0101833 0.0218069
0 0.404277 0.668224 0.0224033 0.0280374
0 0.526477 0.685358 0.0142566 0.0249221
0 0.328921 0.193146 0.0183299 0.0249221
0 0.610998 0.563863 0.01222 0.0186916
0 0.180244 0.299065 0.0224033 0.0186916
0 0.223014 0.61215 0.0142566 0.0218069
0 0.519348 0.197819 0.01222 0.0218069
0 0.423625 0.193146 0.0203666 0.0249221
0 0.349287 0.076324 0.0183299 0.0280374
0 0.280041 0.0623053 0.0183299 0.0249221
0 0.491853 0.626168 0.0142566 0.0249221
0 0.139511 0.119938 0.0224033 0.0218069
0 0.399185 0.0155763 0.0203666 0.0311526
0 0.355397 0.456386 0.0264766 0.0280374
0 0.127291 0.194704 0.0224033 0.0218069
0 0.239308 0.176012 0.0224033 0.0218069
0 0.219959 0.375389 0.0244399 0.0218069
