0 0.491853 0.627726 0.0142566 0.0218069
0 0.223014 0.609034 0.0142566 0.0218069
0 0.43279 0.781931 0.0142566 0.0186916
0 0.531568 0.5919 0.01222 0.0186916
0 0.14053 0.116822 0.0203666 0.0218069
0 0.60998 0.562305 0.0142566 0.0218069
0 0.483707 0.101246 0.0142566 0.0218069
0 0.517312 0.194704 0.0162933 0.0218069
0 0.520367 0.299065 0.0142566 0.0186916
0 0.181263 0.297508 0.0203666 0.0218069
0 0.729124 0.0950156 0.0162933 0.046729
0 0.508147 0.9081 0.0224033 0.046729
0 0.217923 0.375389 0.0244399 0.0218069
0 0.349287 0.076324 0.0224033 0.0280374
0 0.12831 0.196262 0.0203666 0.0249221
0 0.526477 0.683801 0.0142566 0.0218069
0 0.327902 0.193146 0.0203666 0.0249221
0 0.281059 0.0623053 0.0203666 0.0249221
0 0.239308 0.174455 0.0224033 0.0249221
0 0.422607 0.191589 0.0224033 0.0280374
0 0.397149 0.0155763 0.0244399 0.0311526
0 0.35336 0.453271 0.0264766 0.0218069
0 0.404277 0.666667 0.0224033 0.0311526
