0 0.556641 0.209434 0.015625 0.0264151
0 0.582031 0.271698 0.015625 0.0301887
0 0.637695 0.683019 0.0136719 0.0226415
0 0.587891 0.273585 0.015625 0.0339623
0 0.59668 0.445283 0.0136719 0.0301887
0 0.269531 0.464151 0.0195312 0.0226415
0 0.632812 0.271698 0.0117188 0.0226415
0 0.633789 0.556604 0.0136719 0.0264151
0 0.404297 0.396226 0.0195312 0.0301887
0 0.639648 0.24717 0.0136719 0.0264151
0 0.46875 0.115094 0.015625 0.0339623
0 0.30957 0.683019 0.0214844 0.0301887
0 0.34668 0.777358 0.0214844 0.0301887
0 0.650391 0.190566 0.015625 0.0264151
0 0.835938 0.435849 0.015625 0.0566038
0 0.366211 0.537736 0.0214844 0.0264151
0 0.258789 0.556604 0.0214844 0.0264151
0 0.451172 0.558491 0.0195312 0.0301887
0 0.413086 0.258491 0.0136719 0.0339623
0 0.475586 0.875472 0.0253906 0.0301887
0 0.541992 0.554717 0.0214844 0.0301887
0 0.474609 0.413208 0.0195312 0.0339623
0 0.519531 0.337736 0.0195312 0.0415094
0 0.495117 0.233962 0.0175781 0.0377358
0 0.329102 0.0396226 0.0253906 0.0415094
