000001
000003
000004
000005
000006
000008
000009
000010
000011
000015
000017
000018
000019
000021
000022
000026
000027
000028
000029
000030
000033
000034
000035
000036
000037
000038
000040
000041
000043
000045
000046
000047
000049
000050
000051
000052
000054
000057
000058
000059
000060
000061
000062
000063
000064
000066
000067
000068
000069
000070
000071
000072
000073
000074
000075
000077
000078
000079
000082
000083
000084
000085
000086
000087
000089
000091
000095
000097
000099
000102
000103
000104
000105
000106
000107
000108
000110
000111
000113
000114
000116
000117
000119
000120
000121
000122
000123
000125
000127
000128
000129
000130
000131
000132
000134
000136
000138
000140
000142
000144
000147
000148
000152
000153
000154
000155
000156
000158
000160
000161
000162
000164
000166
000167
000168
000169
000170
000172
000174
000178
000180
000181
000182
000183
000184
000185
000187
000188
000189
000190
000192
000193
000195
000196
000198
000199
000201
000202
000203
000204
000206
000207
000208
000209
000210
000212
000213
000214
000215
000216
000219
000220
000221
000222
000223
000224
000226
000227
000228
000229
000232
000233
000234
000235
000236
000237
000238
000240
000242
000245
000246
000247
000249
000250
000251
000252
000253
000256
000257
000259
000260
000262
000263
000266
000267
000269
000270
000272
000273
000274
000275
000277
000278
000279
000280
000282
000285
000286
000287
000288
000289
000292
000294
000295
000296
000297
000298
000299
000300
000301
000302
000305
000307
000308
000309
000311
000312
000313
000314
000315
000318
000319
000321
000323
000324
000326
000327
000330
000332
000333
000334
000335
000336
000337
000338
000339
000340
000341
000342
000343
000345
000349
000350
000351
000353
000354
000355
000356
000357
000358
000359
000365
000366
000368
000369
000370
000372
000373
000374
000377
000378
000379
000380
000381
000382
000384
000385
000388
000389
000391
000392
000393
000394
000395
000396
000397
000399
000402
000404
000406
000407
000408
000411
000412
000413
000414
000415
000417
000418
000421
000423
000424
000425
000426
000427
000428
000429
000430
000435
000436
000437
000438
000439
000440
000441
000442
000444
000446
000448
000449
000450
000451
000452
000453
000454
000455
000456
000457
000458
000459
000461
000462
000464
000465
000466
000467
000468
000469
000471
000472
000473
000474
000475
000476
000477
000478
000479
000480
000481
000482
000483
000484
000485
000487
000489
000490
000491
000493
000496
000497
000499
000502
000503
000505
000507
000508
000509
000510
000511
000512
000513
000514
000516
000518
000519
000520
000522
000523
000524
000525
000526
000529
000530
000533
000534
000535
000536
000538
000542
000544
000547
000548
000549
000551
000552
000553
000554
000555
000559
000560
000561
000563
000564
000566
000567
000568
000569
000570
000573
000574
000575
000576
000578
000579
000581
000583
000584
000587
000588
000589
000590
000592
000593
000595
000596
000598
000601
000602
000605
000606
000608
000609
000612
000613
000614
000616
000618
000620
000622
000623
000624
000625
000628
000630
000631
000632
000633
000635
000636
000637
000639
000641
000643
000646
000647
000648
000651
000652
000653
000654
000655
000656
000657
000658
000659
000661
000662
000663
000664
000665
000667
000669
000671
000672
000676
000677
000678
000679
000680
000681
000682
000684
000686
000687
000688
000690
000691
000692
000693
000695
000696
000698
000699
000700
000701
000702
000703
000707
000708
000710
000711
000712
000713
000714
000715
000716
000717
000718
000722
000724
000725
000727
000728
000729
000730
000731
000732
000734
000735
000738
000740
000742
000743
000746
000747
000748
000749
000750
000751
000753
000754
000755
000756
000759
000760
000761
000762
000763
000765
000766
000767
000768
000769
000770
000772
000775
000777
000779
000780
000782
000783
000784
000785
000787
000789
000790
000793
000795
000796
000798
000799
000800
000802
000804
000805
000806
000807
000809
000810
000811
000813
000814
000815
000817
000818
000819
000820
000821
000822
000823
000824
000825
000826
000827
000829
000830
000831
000832
000833
000837
000838
000840
000842
000843
000844
000845
000847
000848
000849
000850
000852
000853
000856
000858
000859
000860
000861
000862
000865
000866
000867
000868
000869
000870
000872
000876
000877
000878
000879
000880
000881
000882
000884
000885
000886
000888
000889
000890
000892
000893
000894
000895
000897
000898
000899
000901
000902
000903
000905
000906
000907
000908
000909
000910
000911
000912
000916
000917
000918
000919
000922
000923
000924
000925
000926
000927
000928
000929
000931
000932
000933
000934
000936
000937
000938
000939
000940
000941
000942
000943
000944
000945
000948
000949
000951
000952
000953
000955
000956
000957
000958
000959
000962
000963
000964
000965
000968
000969
000970
000971
000973
000974
000975
000976
000978
000981
000984
000985
000986
000987
000990
000992
000994
000995
000996
000997
000998
000999
001000
001002
001003
001004
001005
001006
001007
001008
001009
001010
001011
001014
001015
001016
001017
001018
001019
001021
001023
001024
001026
001027
001028
001029
001030
001032
001033
001034
001035
001037
001038
001039
001040
001041
001043
001045
001046
001047
001048
001050
001052
001055
001056
001057
001058
001059
001061
001062
001063
001064
001067
001068
001071
001072
001073
001074
001075
001078
001079
001082
001086
001088
001089
001090
001091
001092
001093
001094
001095
001096
001097
001098
001099
001100
001102
001103
001104
001108
001109
001110
001112
001114
001115
001116
001118
001119
001120
001121
001122
001123
001124
001125
001127
001128
001134
001135
001136
001137
001139
001140
001141
001143
001144
001145
001146
001148
001149
001150
001151
001152
001153
001155
001157
001160
