0 0.187873 0.086154 0.029821 0.061538
0 0.10338 0.149231 0.023857 0.052308
0 0.069583 0.333846 0.031809 0.058462
0 0.045726 0.575385 0.035785 0.055385
0 0.190855 0.601538 0.039761 0.070769
0 0.243539 0.293846 0.029821 0.070769
0 0.295229 0.475385 0.049702 0.076923
0 0.347913 0.14 0.027833 0.052308
0 0.388668 0.247692 0.025845 0.052308
0 0.459245 0.08 0.023857 0.036923
0 0.447316 0.187692 0.019881 0.030769
0 0.446322 0.361538 0.025845 0.046154
0 0.583499 0.216923 0.029821 0.046154
0 0.544732 0.355385 0.023857 0.046154
0 0.510934 0.518462 0.019881 0.033846
0 0.148111 0.856923 0.037773 0.052308
0 0.468191 0.653846 0.025845 0.046154
0 0.343936 0.852308 0.043738 0.061538
0 0.542744 0.863077 0.027833 0.046154
