0 0.241107 0.095628 0.027668 0.060109
0 0.150198 0.157104 0.027668 0.051913
0 0.113636 0.340164 0.037549 0.046448
0 0.091897 0.575137 0.041502 0.051913
0 0.008893 0.818306 0.021739 0.035519
0 0.248024 0.598361 0.049407 0.065574
0 0.200593 0.846995 0.041502 0.04918
0 0.36166 0.47541 0.055336 0.071038
0 0.305336 0.29918 0.041502 0.068306
0 0.416996 0.845628 0.047431 0.057377
0 0.417984 0.151639 0.029644 0.046448
0 0.465415 0.255464 0.029644 0.051913
0 0.528656 0.364754 0.029644 0.046448
0 0.59585 0.516393 0.021739 0.038251
0 0.549407 0.651639 0.027668 0.035519
0 0.674901 0.221311 0.033597 0.038251
0 0.632411 0.357923 0.031621 0.043716
0 0.541502 0.094262 0.019763 0.030055
0 0.527668 0.196721 0.023715 0.032787
0 0.635375 0.856557 0.029644 0.040984
