0 0.09585 0.246032 0.017787 0.022222
0 0.34585 0.268254 0.01581 0.022222
0 0.251976 0.485714 0.021739 0.025397
0 0.152174 0.650794 0.023715 0.025397
0 0.33498 0.58254 0.025692 0.022222
0 0.424901 0.055556 0.019763 0.022222
0 0.137352 0.828571 0.021739 0.025397
0 0.297431 0.911111 0.025692 0.025397
0 0.490119 0.901587 0.023715 0.025397
0 0.585968 0.5 0.021739 0.022222
0 0.713439 0.190476 0.023715 0.031746
0 0.740119 0.077778 0.021739 0.028571
0 0.854743 0.307937 0.017787 0.025397
0 0.679842 0.887302 0.023715 0.028571
0 0.853755 0.695238 0.019763 0.025397
0 0.869565 0.873016 0.019763 0.025397
0 0.850791 0.522222 0.021739 0.022222
