0 0.137475 0.11838 0.022403 0.024922
0 0.126273 0.194704 0.02444 0.028037
0 0.179226 0.297508 0.02444 0.021807
0 0.214868 0.375389 0.03055 0.028037
0 0.237271 0.176012 0.022403 0.021807
0 0.278004 0.062305 0.01833 0.024922
0 0.327902 0.194704 0.020367 0.028037
0 0.347251 0.073209 0.022403 0.028037
0 0.397149 0.015576 0.02444 0.031153
0 0.42057 0.193146 0.022403 0.024922
0 0.35336 0.454829 0.026477 0.024922
0 0.5 0.037383 0.010183 0.018692
0 0.48167 0.099688 0.014257 0.018692
0 0.516293 0.196262 0.014257 0.024922
0 0.517312 0.299065 0.016293 0.018692
0 0.57332 0.277259 0.010183 0.012461
0 0.220978 0.610592 0.014257 0.018692
0 0.40224 0.665109 0.022403 0.028037
0 0.430754 0.783489 0.014257 0.021807
0 0.439919 0.867601 0.016293 0.021807
0 0.489817 0.627726 0.014257 0.021807
0 0.525458 0.688474 0.016293 0.024922
0 0.528513 0.5919 0.014257 0.018692
0 0.607943 0.560748 0.014257 0.018692
