0 0.232106 0.051988 0.042945 0.04893
0 0.396728 0.191131 0.02045 0.033639
0 0.370143 0.318043 0.02454 0.036697
0 0.148262 0.561162 0.034765 0.033639
0 0.132924 0.671254 0.03681 0.039755
0 0.210634 0.821101 0.03681 0.033639
0 0.263804 0.931193 0.03681 0.033639
0 0.295501 0.642202 0.030675 0.030581
0 0.356851 0.480122 0.030675 0.036697
0 0.427403 0.668196 0.02863 0.039755
0 0.4591 0.496942 0.030675 0.045872
0 0.45501 0.14526 0.022495 0.039755
0 0.494888 0.287462 0.02863 0.042813
0 0.53272 0.411315 0.034765 0.051988
0 0.566462 0.666667 0.03272 0.042813
0 0.567485 0.183486 0.018405 0.036697
0 0.647239 0.14526 0.014315 0.021407
0 0.597137 0.255352 0.02045 0.033639
0 0.637014 0.331804 0.022495 0.033639
0 0.637014 0.214067 0.014315 0.024465
0 0.733129 0.237003 0.022495 0.033639
0 0.704499 0.330275 0.018405 0.030581
0 0.653374 0.535168 0.018405 0.030581
0 0.705521 0.672783 0.02454 0.030581
0 0.706544 0.819572 0.022495 0.024465
0 0.680982 0.438838 0.01636 0.027523
0 0.790389 0.787462 0.014315 0.021407
