0 0.186879 0.084615 0.027833 0.058462
0 0.102386 0.147692 0.017893 0.049231
0 0.068588 0.333846 0.033797 0.052308
0 0.044732 0.576923 0.037773 0.052308
0 0.147117 0.852308 0.039761 0.049231
0 0.193837 0.604615 0.04175 0.058462
0 0.242545 0.293846 0.035785 0.058462
0 0.295229 0.473846 0.045726 0.067692
0 0.345924 0.847692 0.043738 0.052308
0 0.388668 0.250769 0.025845 0.052308
0 0.343936 0.136923 0.023857 0.046154
0 0.459245 0.083077 0.019881 0.030769
0 0.445328 0.187692 0.019881 0.024615
0 0.582505 0.215385 0.027833 0.043077
0 0.543738 0.353846 0.025845 0.049231
0 0.44831 0.358462 0.025845 0.046154
0 0.508946 0.516923 0.027833 0.036923
0 0.467197 0.652308 0.023857 0.043077
0 0.545726 0.861538 0.025845 0.043077
