0 0.323242 0.037736 0.029297 0.05283
0 0.430664 0.15283 0.013672 0.033962
0 0.467773 0.115094 0.013672 0.041509
0 0.414062 0.260377 0.015625 0.037736
0 0.267578 0.464151 0.023438 0.030189
0 0.257812 0.556604 0.023438 0.033962
0 0.308594 0.681132 0.023438 0.026415
0 0.344727 0.773585 0.025391 0.030189
0 0.365234 0.533962 0.019531 0.026415
0 0.40332 0.39434 0.017578 0.026415
0 0.470703 0.411321 0.019531 0.030189
0 0.451172 0.554717 0.019531 0.030189
0 0.473633 0.871698 0.025391 0.030189
0 0.541016 0.554717 0.019531 0.030189
0 0.517578 0.337736 0.019531 0.041509
0 0.495117 0.235849 0.017578 0.041509
0 0.541016 0.14717 0.011719 0.030189
0 0.561523 0.20566 0.013672 0.026415
0 0.586914 0.173585 0.009766 0.022642
0 0.592773 0.113208 0.013672 0.022642
0 0.586914 0.273585 0.013672 0.026415
0 0.630859 0.269811 0.011719 0.026415
0 0.651367 0.188679 0.017578 0.030189
0 0.633789 0.683019 0.013672 0.022642
0 0.632812 0.558491 0.011719 0.022642
0 0.597656 0.439623 0.011719 0.026415
0 0.616211 0.364151 0.009766 0.026415
0 0.637695 0.416981 0.009766 0.018868
0 0.6875 0.654717 0.007812 0.026415
