0 0.540039 0.145283 0.0136719 0.0264151
0 0.630859 0.269811 0.0117188 0.0264151
0 0.599609 0.445283 0.0117188 0.0301887
0 0.636719 0.683019 0.015625 0.0226415
0 0.586914 0.273585 0.0136719 0.0264151
0 0.557617 0.211321 0.0136719 0.0301887
0 0.428711 0.14717 0.0136719 0.0301887
0 0.271484 0.462264 0.0195312 0.0188679
0 0.59668 0.113208 0.0136719 0.0226415
0 0.634766 0.554717 0.015625 0.0226415
0 0.345703 0.779245 0.0234375 0.0264151
0 0.30957 0.684906 0.0214844 0.0264151
0 0.834961 0.435849 0.0175781 0.0566038
0 0.416016 0.262264 0.015625 0.0339623
0 0.472656 0.411321 0.0195312 0.0377358
0 0.260742 0.556604 0.0253906 0.0264151
0 0.650391 0.19434 0.015625 0.0264151
0 0.474609 0.875472 0.0234375 0.0301887
0 0.495117 0.233962 0.0175781 0.045283
0 0.520508 0.337736 0.0214844 0.0415094
0 0.326172 0.0377358 0.0273438 0.0377358
0 0.366211 0.535849 0.0214844 0.0226415
0 0.541992 0.556604 0.0214844 0.0264151
0 0.469727 0.113208 0.0136719 0.0301887
0 0.451172 0.556604 0.0195312 0.0339623
0 0.40332 0.39434 0.0175781 0.0339623
