0 0.50611 0.909657 0.0224033 0.0560748
0 0.612016 0.562305 0.0142566 0.0155763
0 0.139511 0.116822 0.0224033 0.0155763
0 0.433809 0.778816 0.01222 0.0249221
0 0.525458 0.685358 0.0162933 0.0249221
0 0.531568 0.587227 0.01222 0.0218069
0 0.519348 0.297508 0.0162933 0.0155763
0 0.483707 0.101246 0.0142566 0.0218069
0 0.489817 0.626168 0.0142566 0.0249221
0 0.51833 0.194704 0.0142566 0.0218069
0 0.12831 0.194704 0.0244399 0.0218069
0 0.218941 0.375389 0.0264766 0.0218069
0 0.239308 0.176012 0.0224033 0.0218069
0 0.728106 0.0981308 0.0142566 0.0404984
0 0.180244 0.297508 0.0224033 0.0218069
0 0.327902 0.193146 0.0203666 0.0249221
0 0.350305 0.0747664 0.0203666 0.0249221
0 0.35336 0.454829 0.0264766 0.0249221
0 0.421589 0.191589 0.0203666 0.0280374
0 0.403259 0.663551 0.0244399 0.0311526
0 0.398167 0.0124611 0.0224033 0.0249221
0 0.279022 0.0638629 0.0203666 0.0218069
