0 0.505092 0.915888 0.0203666 0.0560748
0 0.576375 0.277259 0.00814664 0.0186916
0 0.221996 0.610592 0.01222 0.0186916
0 0.442974 0.870717 0.0101833 0.0155763
0 0.502037 0.0342679 0.0101833 0.0186916
0 0.520367 0.299065 0.0142566 0.0124611
0 0.43279 0.785047 0.0101833 0.0186916
0 0.730143 0.0950156 0.0142566 0.046729
0 0.610998 0.563863 0.01222 0.0186916
0 0.48167 0.101246 0.0101833 0.0218069
0 0.531568 0.5919 0.01222 0.0186916
0 0.404277 0.666667 0.0224033 0.0311526
0 0.139511 0.119938 0.0224033 0.0218069
0 0.491853 0.626168 0.0142566 0.0249221
0 0.517312 0.197819 0.01222 0.0218069
0 0.181263 0.297508 0.0203666 0.0218069
0 0.526477 0.685358 0.0142566 0.0249221
0 0.218941 0.376947 0.0264766 0.0186916
0 0.328921 0.193146 0.0183299 0.0249221
0 0.423625 0.193146 0.0203666 0.0249221
0 0.280041 0.0623053 0.0183299 0.0249221
0 0.350305 0.0747664 0.0203666 0.0311526
0 0.12831 0.194704 0.0244399 0.0218069
0 0.239308 0.17757 0.0224033 0.0249221
0 0.399185 0.0155763 0.0203666 0.0311526
0 0.355397 0.456386 0.0264766 0.0280374
