0 0.689453 0.658491 0.0078125 0.0188679
0 0.617188 0.364151 0.0078125 0.0188679
0 0.566406 0.201887 0.0117188 0.0264151
0 0.588867 0.175472 0.00976562 0.0188679
0 0.635742 0.684906 0.0136719 0.0188679
0 0.595703 0.115094 0.0117188 0.0188679
0 0.835938 0.437736 0.015625 0.0528302
0 0.633789 0.558491 0.00976562 0.0226415
0 0.587891 0.273585 0.0117188 0.0264151
0 0.542969 0.14717 0.0117188 0.0226415
0 0.310547 0.681132 0.0195312 0.0264151
0 0.650391 0.192453 0.0117188 0.0226415
0 0.430664 0.15283 0.00976562 0.0264151
0 0.5625 0.211321 0.0117188 0.0301887
0 0.597656 0.441509 0.0117188 0.0226415
0 0.452148 0.556604 0.0175781 0.0264151
0 0.415039 0.260377 0.0136719 0.0301887
0 0.631836 0.269811 0.00976562 0.0264151
0 0.46875 0.115094 0.0117188 0.0339623
0 0.345703 0.777358 0.0234375 0.0226415
0 0.495117 0.233962 0.0175781 0.0377358
0 0.269531 0.464151 0.0195312 0.0226415
0 0.366211 0.533962 0.0214844 0.0264151
0 0.472656 0.413208 0.0195312 0.0339623
0 0.405273 0.396226 0.0175781 0.0301887
0 0.518555 0.337736 0.0214844 0.0415094
0 0.477539 0.873585 0.0253906 0.0339623
0 0.541992 0.554717 0.0214844 0.0301887
0 0.258789 0.556604 0.0214844 0.0264151
0 0.326172 0.0358491 0.0273438 0.0415094
